309.71848739 174.54823529  13.03613445 172.99529412
521.69495798 144.26588235 238.98907563 150.47764706
499.95378151 169.88941176 218.80084034 173.77176471
609.43613445 205.60705882 316.63613445 210.26588235
385.81260504 206.38352941 102.3302521  207.93647059
315.15378151 82.92470588  17.69495798  70.50117647
516.25966387 62.73647059 231.22436975  69.72470588
384.25966387 157.46588235  99.22436975 155.13647059
414.54201681 234.33647059 135.71848739 236.66588235
323.69495798 207.16 30.89495798 206.38352941
