 251.19892473 413.25268817  42.42473118 423.66129032
 289.99462366 402.84408602  84.05913978 409.46774194
 349.60752688 427.44623656 145.56451613 433.12365591
 383.67204301 414.19892473 180.57526882 417.98387097
 491.54301075 371.61827957 285.60752688 371.61827957
 406.38172043 435.01612903 204.2311828  438.80107527
 436.66129032 419.87634409 234.51075269 421.7688172
 535.06989247 372.56451613 328.18817204 370.67204301
 536.01612903 452.99462366 328.18817204 448.26344086
 341.09139785 362.15591398 137.0483871  365.94086022
